SplineFontDB: 3.0
FontName: FontExample
FullName: FontExample
FamilyName: FontExample
Weight: FontExample
Copyright: 
Version: 1.0
ItalicAngle: 0
UnderlinePosition: 0
UnderlineWidth: 0
Ascent: 960
Descent: 64
InvalidEm: 0
sfntRevision: 0x00010000
LayerCount: 2
Layer: 0 1 "Back" 1
Layer: 1 1 "Fore" 0
XUID: [1021 312 -362250585 26773]
StyleMap: 0x0040
FSType: 0
OS2Version: 3
OS2_WeightWidthSlopeOnly: 0
OS2_UseTypoMetrics: 0
CreationTime: 1514384614
ModificationTime: 1514572949
PfmFamily: 81
TTFWeight: 400
TTFWidth: 5
LineGap: 0
VLineGap: 0
Panose: 0 0 0 0 0 0 0 0 0 0
OS2TypoAscent: 960
OS2TypoAOffset: 0
OS2TypoDescent: -64
OS2TypoDOffset: 0
OS2TypoLinegap: 64
OS2WinAscent: 960
OS2WinAOffset: 0
OS2WinDescent: 64
OS2WinDOffset: 0
HheadAscent: 960
HheadAOffset: 0
HheadDescent: -64
HheadDOffset: 0
OS2SubXSize: 665
OS2SubYSize: 716
OS2SubXOff: 0
OS2SubYOff: 143
OS2SupXSize: 665
OS2SupYSize: 716
OS2SupXOff: 0
OS2SupYOff: 491
OS2StrikeYSize: 51
OS2StrikeYPos: 265
OS2Vendor: 'PfEd'
OS2CodePages: 00000001.00000000
OS2UnicodeRanges: 00000001.10000000.00000000.00000000
MarkAttachClasses: 1
DEI: 91125
LangName: 1033 "" "" "Regular" "" "" "Version 1.0" "" "" "" "" "Font generated by IcoMoon."
GaspTable: 1 65535 15 1
Encoding: ISO8859-1
UnicodeInterp: none
NameList: AGL For New Fonts
DisplaySize: -48
AntiAlias: 1
FitToEm: 0
WinInfo: 0 32 11
BeginPrivate: 0
EndPrivate
TeXData: 1 0 0 1048576 524288 349525 0 1048576 349525 783286 444596 497025 792723 393216 433062 380633 303038 157286 324010 404750 52429 2506097 1059062 262144
BeginChars: 259 3

StartChar: .notdef
Encoding: 256 65533 0
Width: 1024
Flags: W
LayerCount: 2
Fore
Validated: 1
EndChar

StartChar: uniE900
Encoding: 258 59648 1
Width: 724
Flags: W
LayerCount: 2
Fore
Validated: 1
EndChar

StartChar: Agrave
Encoding: 192 192 2
Width: -32768
VWidth: 0
Flags: W
LayerCount: 2
Fore
Validated: 1
EndChar
EndChars
EndSplineFont
